00045
Y 00000 00000 00001 00343
N 00000 00000 00000 00313
Y 00000 00000 00001 00376
N 00000 00000 00000 00345
Y 00000 00000 00001 00346
N 00000 00000 00000 00344
Y 00000 00000 00000 00502
N 00000 00000 00001 00190
Y 00000 00000 00001 00345
N 00000 00000 00000 00344
Y 00000 00000 00000 00502
N 00000 00000 00001 00190
Y 00000 00000 00001 00345
N 00000 00000 00000 00345
Y 00000 00000 00000 00501
N 00000 00000 00001 00191
Y 00000 00000 00000 00499
N 00000 00000 00001 00191
Y 00000 00000 00000 00500
N 00000 00000 00001 00190
Y 00000 00000 00000 00500
N 00000 00000 00001 00191
Y 00000 00000 00000 00499
N 00000 00000 00035 00002
Y 00000 00000 00001 00341
N 00000 00000 00000 00317
Y 00000 00000 00001 00373
N 00000 00000 00000 00323
Y 00000 00000 00001 00367
N 00000 00000 00000 00348
Y 00000 00000 00000 00497
N 00000 00000 00001 00195
Y 00000 00000 00001 00340
N 00000 00000 00000 00326
Y 00000 00000 00000 00520
N 00000 00000 00001 00195
Y 00000 00000 00001 00340
N 00000 00000 00002 00040
Y 00000 00000 00000 00495
N 00000 00000 00001 00196
Y 00000 00000 00000 00495
N 00000 00000 00001 00194
Y 00000 00000 00000 00496
N 00000 00000 00001 00195
Y 00000 00000 00000 00494
